# Q_H=3 JAM  N=36 h=0.2152 box=7.747 C*=1.5
# step  K  K/J4  K/J2a  J4/J2a  J4/J4init  J2a  J4  t
1  3033.1028  22.301964  3.25823  0.1460961  1.00000  930.9050  136.001602  0.0
2000  804.0968  4.063040  3.79858  0.9349115  1.45517  211.6834  197.905228  17.3
4000  677.7997  5.589650  3.77655  0.6756318  0.89161  179.4761  121.259789  34.0
6000  645.7578  6.534089  3.82351  0.5851641  0.72668  168.8912  98.829048  50.7
8000  627.3991  7.616822  3.88896  0.5105748  0.60566  161.3284  82.370193  69.2
10000  612.2930  8.912356  3.96913  0.4453512  0.50515  154.2638  68.701584  91.0
12000  598.4845  10.465241  4.06216  0.3881570  0.42049  147.3317  57.187840  109.0
14000  585.7189  12.321668  4.16548  0.3380610  0.34952  140.6127  47.535686  128.3
16000  574.1066  14.525706  4.27516  0.2943170  0.29061  134.2888  39.523487  147.6
